0|5|9||2|4|5||||"41090448"|"70277206"
0|3|6||5|40|75||||"41090448"|"70277207"
0|5|9||2|4|5||||"41090449"|"70277208"
3|6|9||5|40|75||||"41090449"|"70277209"
0|2|3||75|162|250||||"41090449"|"70277210"
0|5|9||2|4|5||||"41090452"|"70277211"
0|3|6||5|40|75||||"41090452"|"70277212"
0|5|9||2|4|5||||"41090453"|"70277213"
3|6|9||5|40|75||||"41090453"|"70277214"
0|7|14||2|4|5||||"41090456"|"70277215"
0|7|14||2|4|5||||"41090457"|"70277216"
0|6|11||2|4|5||||"41090459"|"70277217"
0|3|6||5|40|75||||"41090459"|"70277218"
0|2|3||2|4|5||||"41090460"|"70277219"
0|2|3||5|40|75||||"41090460"|"70277220"
0|5|9||75|162|250||||"41090460"|"70277221"
0|2|3||2|4|5||||"41090461"|"70277222"
0|2|3||5|40|75||||"41090461"|"70277223"
0|5|9||75|162|250||||"41090461"|"70277224"
0|3|6||2|4|5||||"41090462"|"70277225"
0|3|6||5|40|75||||"41090462"|"70277226"
0|2|3||75|162|250||||"41090462"|"70277227"
0|2|4||2|4|5||||"41090463"|"70277228"
6|9|11||5|40|75||||"41090463"|"70277229"
14|21|28||75|162|250||||"41090463"|"70277230"
0|6|11||2|4|5||||"41090464"|"70277231"
0|3|6||5|40|75||||"41090464"|"70277232"
0|2|3||75|162|250||||"41090464"|"70277233"
0|2|3||2|4|5||||"41090465"|"70277234"
0|1|2||5|40|75||||"41090465"|"70277235"
40|43|45||75|162|250||||"41090465"|"70277236"
0|4|8||2|4|5||||"41090466"|"70277237"
0|3|5||5|40|75||||"41090466"|"70277238"
3|5|6||75|162|250||||"41090466"|"70277239"
0|3|6||2|4|5||||"41090467"|"70277240"
0|3|6||5|40|75||||"41090467"|"70277241"
0|2|3||75|162|250||||"41090467"|"70277242"
0|2|3||2|4|5||||"41090468"|"70277243"
0|2|3||5|40|75||||"41090468"|"70277244"
0|2|3||2|4|5||||"41090469"|"70277245"
0|2|3||5|40|75||||"41090469"|"70277246"
0|2|3||2|4|5||||"41090470"|"70277247"
0|2|3||5|40|75||||"41090470"|"70277248"
0|5|9||2|4|5||||"41090471"|"70277249"
0|3|6||5|40|75||||"41090471"|"70277250"
0|5|9||2|4|5||||"41090472"|"70277251"
3|6|9||5|40|75||||"41090472"|"70277252"
0|2|3||2|4|5||||"41090475"|"70277253"
0|2|3||2|4|5||||"41090476"|"70277254"
0|2|3||5|40|75||||"41090476"|"70277255"
0|2|3||75|162|250||||"41090476"|"70277256"
0|2|3||250|625|1000||||"41090476"|"70277257"
0|2|3||2|4|5||||"41090478"|"70277258"
0|2|3||5|40|75||||"41090478"|"70277259"
0|2|3||75|162|250||||"41090478"|"70277260"
0|2|3||250|625|1000||||"41090478"|"70277261"
0|3|6||2|4|5||||"41090483"|"70277262"
0|2|3||5|40|75||||"41090483"|"70277263"
0|2|3||75|162|250||||"41090483"|"70277264"
0|3|5||2|4|5||||"41090484"|"70277265"
0|2|3||5|40|75||||"41090484"|"70277266"
3|7|11||75|162|250||||"41090484"|"70277267"
0|2|4||2|4|5||||"41090485"|"70277268"
2|3|4||5|40|75||||"41090485"|"70277269"
14|20|25||75|162|250||||"41090485"|"70277270"
0|2|3||2|4|5||||"41090486"|"70277271"
0|2|3||5|40|75||||"41090486"|"70277272"
0|2|3||75|162|250||||"41090486"|"70277273"
0|5|9||2|4|5||||"41090487"|"70277274"
0|5|9||5|40|75||||"41090487"|"70277275"
0|2|3||75|162|250||||"41090487"|"70277276"
0|2|3||2|4|5||||"41090488"|"70277277"
0|2|3||75|162|250||||"41090488"|"70277278"
0|2|3||75|162|250||||"41090489"|"70277279"
0|3|6||2|4|5||||"41090494"|"70277280"
0|2|3||5|40|75||||"41090494"|"70277281"
0|5|9||75|162|250||||"41090494"|"70277282"
0|3|6||2|4|5||||"41090495"|"70277283"
0|2|3||5|40|75||||"41090495"|"70277284"
0|2|3||2|4|5||||"41090496"|"70277285"
1|4|6||5|40|75||||"41090496"|"70277286"
28|35|42||75|162|250||||"41090496"|"70277287"
0|2|4||2|4|5||||"41090497"|"70277288"
7|10|12||5|40|75||||"41090497"|"70277289"
17|20|23||75|162|250||||"41090497"|"70277290"
0|1|2||2|4|5||||"41090498"|"70277291"
0|1|2||5|40|75||||"41090498"|"70277292"
9|12|14||75|162|250||||"41090498"|"70277293"
0|3|6||2|4|5||||"41090499"|"70277294"
0|2|3||5|40|75||||"41090499"|"70277295"
0|5|9||75|162|250||||"41090499"|"70277296"
0|3|5||2|4|5||||"41090500"|"70277297"
2|4|5||5|40|75||||"41090500"|"70277298"
9|12|14||75|162|250||||"41090500"|"70277299"
0|4|7||2|4|5||||"41090501"|"70277300"
6|9|12||5|40|75||||"41090501"|"70277301"
9|12|14||75|162|250||||"41090501"|"70277302"
0|3|6||2|4|5||||"41090505"|"70277303"
0|3|6||5|40|75||||"41090505"|"70277304"
0|2|3||75|162|250||||"41090505"|"70277305"
0|2|3||250|625|1000||||"41090505"|"70277306"
0|3|6||2|4|5||||"41090506"|"70277307"
0|3|6||5|40|75||||"41090506"|"70277308"
0|2|3||75|162|250||||"41090506"|"70277309"
0|2|3||250|625|1000||||"41090506"|"70277310"
0|4|8||2|4|5||||"41090508"|"70277311"
10|12|13||5|40|75||||"41090508"|"70277312"
3|6|9||75|162|250||||"41090508"|"70277313"
0|2|3||2|4|5||||"41090509"|"70277314"
0|2|3||5|40|75||||"41090509"|"70277315"
0|2|3||75|162|250||||"41090509"|"70277316"
0|2|3||2|4|5||||"41090512"|"70277317"
0|5|9||2|4|5||||"41090513"|"70277318"
17|20|23||5|40|75||||"41090513"|"70277319"
0|3|6||2|4|5||||"41090514"|"70277320"
0|3|6||5|40|75||||"41090514"|"70277321"
0|2|3||75|162|250||||"41090514"|"70277322"
0|2|3||2|4|5||||"41090515"|"70277323"
0|3|6||2|4|5||||"41090516"|"70277324"
0|3|6||5|40|75||||"41090516"|"70277325"
0|4|8||2|4|5||||"41090517"|"70277326"
10|12|13||5|40|75||||"41090517"|"70277327"
3|6|9||75|162|250||||"41090517"|"70277328"
0|2|3||2|4|5||||"41090518"|"70277329"
0|2|3||5|40|75||||"41090518"|"70277330"
0|2|3||75|162|250||||"41090518"|"70277331"
0|3|6||2|4|5||||"41090520"|"70277332"
2|4|6||5|40|75||||"41090520"|"70277333"
17|20|23||75|162|250||||"41090520"|"70277334"
0|3|6||2|4|5||||"41090521"|"70277335"
2|4|6||5|40|75||||"41090521"|"70277336"
17|20|23||75|162|250||||"41090521"|"70277337"
0|3|5||2|4|5||||"41090522"|"70277338"
0|3|5||5|40|75||||"41090522"|"70277339"
3|5|6||75|162|250||||"41090522"|"70277340"
6|9|11||250|625|1000||||"41090522"|"70277341"
0|3|5||2|4|5||||"41090523"|"70277342"
0|3|5||5|40|75||||"41090523"|"70277343"
6|8|9||75|162|250||||"41090523"|"70277344"
6|12|17||250|625|1000||||"41090523"|"70277345"
0|2|3||2|4|5||||"41090531"|"70277346"
0|2|3||5|40|75||||"41090531"|"70277347"
0|2|3||2|4|5||||"41090532"|"70277348"
0|2|3||5|40|75||||"41090532"|"70277349"
0|2|3||75|162|250||||"41090532"|"70277350"
0|2|3||2|4|5||||"41090535"|"70277351"
0|2|3||5|40|75||||"41090535"|"70277352"
0|3|6||2|4|5||||"41090536"|"70277353"
0|3|6||5|40|75||||"41090536"|"70277354"
0|2|3||2|4|5||||"41090537"|"70277355"
2|4|5||5|40|75||||"41090537"|"70277356"
3|6|9||75|162|250||||"41090537"|"70277357"
0|2|3||2|4|5||||"41090540"|"70277358"
3|6|9||75|162|250||||"41090543"|"70277359"
0|3|6||2|4|5||||"41090546"|"70277360"
0|3|6||5|40|75||||"41090546"|"70277361"
0|2|3||75|162|250||||"41090546"|"70277362"
0|2|3||250|625|1000||||"41090546"|"70277363"
0|3|6||2|4|5||||"41090547"|"70277364"
0|3|6||5|40|75||||"41090547"|"70277365"
0|2|3||75|162|250||||"41090547"|"70277366"
0|2|3||250|625|1000||||"41090547"|"70277367"
0|6|11||2|4|5||||"41090557"|"70277368"
22|27|31||5|40|75||||"41090557"|"70277369"
0|2|3||75|162|250||||"41090557"|"70277370"
19|23|26||5|40|75||||"41090558"|"70277371"
0|2|3||75|162|250||||"41090558"|"70277372"
0|5|9||2|4|5||||"41090558"|"70277373"
0|3|6||2|4|5||||"41090559"|"70277374"
0|3|6||5|40|75||||"41090559"|"70277375"
0|2|3||75|162|250||||"41090559"|"70277376"
0|3|6||2|4|5||||"41090560"|"70277377"
0|3|6||5|40|75||||"41090560"|"70277378"
0|2|3||75|162|250||||"41090560"|"70277379"
0|2|3||250|625|1000||||"41090560"|"70277380"
0|3|6||2|4|5||||"41090561"|"70277381"
0|3|6||5|40|75||||"41090561"|"70277382"
0|2|3||75|162|250||||"41090561"|"70277383"
0|2|3||250|625|1000||||"41090561"|"70277384"
0|2|3||2|4|5||||"41090568"|"70277385"
0|2|3||2|4|5||||"41090569"|"70277386"
0|2|3||2|4|5||||"41090582"|"70277387"
0|2|3||5|40|75||||"41090582"|"70277388"
0|2|3||75|162|250||||"41090583"|"70277389"
0|2|3||2|4|5||||"41090584"|"70277390"
0|2|3||5|40|75||||"41090584"|"70277391"
0|3|6||2|4|5||||"41090585"|"70277392"
0|3|6||5|40|75||||"41090585"|"70277393"
0|2|3||2|4|5||||"41090586"|"70277394"
0|2|3||5|40|75||||"41090586"|"70277395"
0|9|17||2|4|5||||"41090587"|"70277396"
11|19|26||5|40|75||||"41090587"|"70277397"
0|7|14||2|4|5||||"41090589"|"70277398"
5|11|17||5|40|75||||"41090589"|"70277399"
0|2|3||75|162|250||||"41090589"|"70277400"
0|3|6||2|4|5||||"41090594"|"70277401"
0|3|6||5|40|75||||"41090594"|"70277402"
0|2|3||75|162|250||||"41090594"|"70277403"
0|2|3||250|625|1000||||"41090594"|"70277404"
0|3|5||2|4|5||||"41090595"|"70277405"
0|2|3||5|40|75||||"41090595"|"70277406"
23|26|28||75|162|250||||"41090595"|"70277407"
0|2|3||250|625|1000||||"41090595"|"70277408"
0|3|6||2|4|5||||"41090597"|"70277409"
0|3|6||5|40|75||||"41090597"|"70277410"
0|2|3||75|162|250||||"41090597"|"70277411"
0|2|3||250|625|1000||||"41090597"|"70277412"
0|3|6||2|4|5||||"41090598"|"70277413"
0|3|6||5|40|75||||"41090598"|"70277414"
0|2|3||75|162|250||||"41090598"|"70277415"
0|2|3||250|625|1000||||"41090598"|"70277416"
0|5|9||2|4|5||||"41090602"|"70277417"
0|3|6||5|40|75||||"41090602"|"70277418"
0|5|9||2|4|5||||"41090603"|"70277419"
0|3|6||5|40|75||||"41090603"|"70277420"
0|5|9||2|4|5||||"41090604"|"70277421"
6|9|11||5|40|75||||"41090604"|"70277422"
0|1|2||2|4|5||||"41090606"|"70277423"
0|9|17||5|40|75||||"41090606"|"70277424"
9|12|14||75|162|250||||"41090606"|"70277425"
31|37|42||250|625|1000||||"41090606"|"70277426"
0|3|6||2|4|5||||"41090608"|"70277427"
0|3|6||5|40|75||||"41090608"|"70277428"
0|2|3||75|162|250||||"41090608"|"70277429"
0|3|6||250|625|1000||||"41090608"|"70277430"
0|3|6||2|4|5||||"41090609"|"70277431"
0|3|6||5|40|75||||"41090609"|"70277432"
0|2|3||75|162|250||||"41090609"|"70277433"
0|3|6||250|625|1000||||"41090609"|"70277434"
0|2|3||75|162|250||||"41090613"|"70277435"
0|3|6||2|4|5||||"41090614"|"70277436"
0|2|4||5|40|75||||"41090614"|"70277437"
17|26|34||75|162|250||||"41090614"|"70277438"
0|3|6||2|4|5||||"41090615"|"70277439"
0|3|6||5|40|75||||"41090615"|"70277440"
0|2|3||75|162|250||||"41090615"|"70277441"
0|6|11||2|4|5||||"41090617"|"70277442"
3|7|11||5|40|75||||"41090617"|"70277443"
0|6|11||2|4|5||||"41090618"|"70277444"
3|7|11||5|40|75||||"41090618"|"70277445"
0|3|5||2|4|5||||"41090619"|"70277446"
0|2|3||5|40|75||||"41090619"|"70277447"
3|7|11||75|162|250||||"41090619"|"70277448"
0|3|5||2|4|5||||"41090620"|"70277449"
0|2|3||5|40|75||||"41090620"|"70277450"
3|7|11||75|162|250||||"41090620"|"70277451"
0|2|4||2|4|5||||"41090621"|"70277452"
2|3|4||5|40|75||||"41090621"|"70277453"
14|20|25||75|162|250||||"41090621"|"70277454"
0|3|6||2|4|5||||"41090622"|"70277455"
0|2|3||5|40|75||||"41090622"|"70277456"
0|2|3||75|162|250||||"41090622"|"70277457"
0|3|5||2|4|5||||"41090623"|"70277458"
0|2|3||5|40|75||||"41090623"|"70277459"
3|7|11||75|162|250||||"41090623"|"70277460"
0|2|4||2|4|5||||"41090624"|"70277461"
2|3|4||5|40|75||||"41090624"|"70277462"
14|20|25||75|162|250||||"41090624"|"70277463"
0|2|3||2|4|5||||"41090627"|"70277464"
0|1|2||5|40|75||||"41090627"|"70277465"
23|26|28||75|162|250||||"41090627"|"70277466"
0|3|5||2|4|5||||"41090628"|"70277467"
0|2|3||5|40|75||||"41090628"|"70277468"
3|7|11||75|162|250||||"41090628"|"70277469"
14|20|25||75|162|250||||"41090629"|"70277470"
0|2|4||2|4|5||||"41090629"|"70277471"
2|3|4||5|40|75||||"41090629"|"70277472"
0|5|9||2|4|5||||"41090630"|"70277473"
0|2|3||5|40|75||||"41090630"|"70277474"
0|2|3||75|162|250||||"41090630"|"70277475"
0|6|11||2|4|5||||"41090631"|"70277476"
0|3|6||5|40|75||||"41090631"|"70277477"
0|2|3||75|162|250||||"41090631"|"70277478"
0|2|3||2|4|5||||"41090632"|"70277479"
0|2|3||5|40|75||||"41090632"|"70277480"
0|2|3||75|162|250||||"41090632"|"70277481"
0|5|9||2|4|5||||"41090633"|"70277482"
0|5|9||5|40|75||||"41090633"|"70277483"
0|2|3||75|162|250||||"41090633"|"70277484"
0|2|3||2|4|5||||"41090634"|"70277485"
0|2|3||5|40|75||||"41090634"|"70277486"
3|5|6||75|162|250||||"41090634"|"70277487"
0|5|9||2|4|5||||"41090635"|"70277488"
0|5|9||5|40|75||||"41090635"|"70277489"
0|2|3||75|162|250||||"41090635"|"70277490"
0|2|3||2|4|5||||"41090636"|"70277491"
1|4|6||5|40|75||||"41090636"|"70277492"
28|35|42||75|162|250||||"41090636"|"70277493"
0|2|4||2|4|5||||"41090637"|"70277494"
7|10|12||5|40|75||||"41090637"|"70277495"
17|20|23||75|162|250||||"41090637"|"70277496"
0|4|7||2|4|5||||"41090638"|"70277497"
0|3|5||5|40|75||||"41090638"|"70277498"
11|14|17||75|162|250||||"41090638"|"70277499"
0|2|3||2|4|5||||"41090639"|"70277500"
0|2|3||5|40|75||||"41090639"|"70277501"
0|2|3||2|4|5||||"41090640"|"70277502"
0|2|3||5|40|75||||"41090640"|"70277503"
0|2|3||2|4|5||||"41090643"|"70277504"
0|2|3||75|162|250||||"41090644"|"70277505"
0|2|3||75|162|250||||"41090645"|"70277506"
0|2|3||2|4|5||||"41090649"|"70277507"
0|7|14||2|4|5||||"41090652"|"70277508"
0|3|6||5|40|75||||"41090652"|"70277509"
0|3|5||2|4|5||||"41090653"|"70277510"
0|3|5||5|40|75||||"41090653"|"70277511"
6|9|11||75|162|250||||"41090653"|"70277512"
0|7|14||2|4|5||||"41090659"|"70277513"
0|3|6||5|40|75||||"41090659"|"70277514"
0|2|3||2|4|5||||"41090660"|"70277515"
0|2|3||5|40|75||||"41090660"|"70277516"
0|2|3||2|4|5||||"41090661"|"70277517"
0|2|3||5|40|75||||"41090661"|"70277518"
0|2|3||2|4|5||||"41090662"|"70277519"
0|2|3||5|40|75||||"41090662"|"70277520"
0|7|14||2|4|5||||"41090666"|"70277521"
0|3|6||5|40|75||||"41090666"|"70277522"
0|2|3||75|162|250||||"41090666"|"70277523"
0|2|3||2|4|5||||"41090667"|"70277524"
0|2|3||5|40|75||||"41090667"|"70277525"
0|2|3||75|162|250||||"41090667"|"70277526"
0|2|3||250|625|1000||||"41090667"|"70277527"
0|2|3||2|4|5||||"41090668"|"70277528"
0|2|3||5|40|75||||"41090668"|"70277529"
0|2|3||75|162|250||||"41090668"|"70277530"
0|2|3||250|625|1000||||"41090668"|"70277531"
0|7|14||2|4|5||||"41090671"|"70277532"
0|7|14||5|40|75||||"41090671"|"70277533"
0|3|6||75|162|250||||"41090671"|"70277534"
0|3|6||250|625|1000||||"41090671"|"70277535"
0|7|14||2|4|5||||"41090672"|"70277536"
0|7|14||5|40|75||||"41090672"|"70277537"
0|3|6||75|162|250||||"41090672"|"70277538"
0|3|6||250|625|1000||||"41090672"|"70277539"
0|7|14||2|4|5||||"41090674"|"70277540"
0|7|14||2|4|5||||"41090675"|"70277541"
11|14|17||75|162|250||||"41090678"|"70277542"
0|2|3||2|4|5||||"41090679"|"70277543"
0|2|3||75|162|250||||"41090679"|"70277544"
0|2|3||2|4|5||||"41090680"|"70277545"
0|2|3||75|162|250||||"41090680"|"70277546"
0|2|3||2|4|5||||"41090681"|"70277547"
0|3|5||2|4|5||||"41090682"|"70277548"
2|4|5||5|40|75||||"41090682"|"70277549"
9|12|14||75|162|250||||"41090682"|"70277550"
0|4|7||2|4|5||||"41090683"|"70277551"
6|9|12||5|40|75||||"41090683"|"70277552"
9|12|14||75|162|250||||"41090683"|"70277553"
0|2|3||2|4|5||||"41090686"|"70277554"
0|3|6||2|4|5||||"41090692"|"70277555"
5|8|11||5|40|75||||"41090692"|"70277556"
14|19|23||75|162|250||||"41090692"|"70277557"
0|4|8||2|4|5||||"41090693"|"70277558"
3|6|8||5|40|75||||"41090693"|"70277559"
3|5|6||75|162|250||||"41090693"|"70277560"
0|4|8||2|4|5||||"41090694"|"70277561"
3|6|8||5|40|75||||"41090694"|"70277562"
3|5|6||75|162|250||||"41090694"|"70277563"
0|2|3||2|4|5||||"41090697"|"70277564"
3|5|6||75|162|250||||"41090697"|"70277565"
3|5|6||250|625|1000||||"41090697"|"70277566"
0|2|3||2|4|5||||"41090698"|"70277567"
0|2|3||75|162|250||||"41090698"|"70277568"
0|2|3||2|4|5||||"41090699"|"70277569"
0|2|3||75|162|250||||"41090699"|"70277570"
0|2|3||2|4|5||||"41090702"|"70277571"
3|5|6||75|162|250||||"41090702"|"70277572"
3|5|6||250|625|1000||||"41090702"|"70277573"
0|7|13||2|4|5||||"41090703"|"70277574"
0|5|10||5|40|75||||"41090703"|"70277575"
6|9|11||75|162|250||||"41090703"|"70277576"
0|2|3||2|4|5||||"41090704"|"70277577"
0|2|3||75|162|250||||"41090704"|"70277578"
0|2|3||2|4|5||||"41090705"|"70277579"
54|56|57||5|40|75||||"41090705"|"70277580"
0|2|3||2|4|5||||"41090706"|"70277581"
54|56|57||5|40|75||||"41090706"|"70277582"
0|2|3||2|4|5||||"41090708"|"70277583"
0|2|3||5|40|75||||"41090708"|"70277584"
0|2|3||75|162|250||||"41090708"|"70277585"
0|3|6||2|4|5||||"41090710"|"70277586"
0|3|6||5|40|75||||"41090710"|"70277587"
0|2|3||75|162|250||||"41090710"|"70277588"
0|3|6||250|625|1000||||"41090710"|"70277589"
0|3|6||2|4|5||||"41090711"|"70277590"
0|3|6||5|40|75||||"41090711"|"70277591"
0|2|3||75|162|250||||"41090711"|"70277592"
0|3|6||250|625|1000||||"41090711"|"70277593"
0|5|9||2|4|5||||"41090715"|"70277594"
5|8|11||5|40|75||||"41090715"|"70277595"
0|3|6||75|162|250||||"41090715"|"70277596"
0|3|6||2|4|5||||"41090716"|"70277597"
0|2|4||5|40|75||||"41090716"|"70277598"
14|17|20||75|162|250||||"41090716"|"70277599"
0|5|9||2|4|5||||"41090717"|"70277600"
0|3|6||5|40|75||||"41090717"|"70277601"
0|2|3||75|162|250||||"41090717"|"70277602"
0|5|9||2|4|5||||"41090718"|"70277603"
0|3|6||5|40|75||||"41090718"|"70277604"
0|3|6||75|162|250||||"41090718"|"70277605"
0|2|3||2|4|5||||"41090719"|"70277606"
0|2|3||2|4|5||||"41090720"|"70277607"
0|9|17||2|4|5||||"41090722"|"70277608"
0|3|6||5|40|75||||"41090722"|"70277609"
0|2|3||75|162|250||||"41090722"|"70277610"
0|2|3||2|4|5||||"41090725"|"70277611"
0|2|3||5|40|75||||"41090725"|"70277612"
0|2|3||2|4|5||||"41090726"|"70277613"
0|2|3||5|40|75||||"41090726"|"70277614"
0|6|11||2|4|5||||"41090727"|"70277615"
3|6|9||5|40|75||||"41090727"|"70277616"
0|2|3||75|162|250||||"41090727"|"70277617"
0|5|9||2|4|5||||"41090729"|"70277618"
0|3|6||5|40|75||||"41090729"|"70277619"
0|2|3||2|4|5||||"41090730"|"70277620"
0|2|3||5|40|75||||"41090730"|"70277621"
0|2|3||75|162|250||||"41090730"|"70277622"
0|4|8||2|4|5||||"41090731"|"70277623"
2|7|11||5|40|75||||"41090731"|"70277624"
3|10|17||75|162|250||||"41090731"|"70277625"
0|2|3||2|4|5||||"41090732"|"70277626"
0|2|3||5|40|75||||"41090732"|"70277627"
0|2|3||2|4|5||||"41090733"|"70277628"
0|2|3||2|4|5||||"41090734"|"70277629"
0|5|9||2|4|5||||"41090736"|"70277630"
0|3|6||5|40|75||||"41090736"|"70277631"
0|2|3||2|4|5||||"41090739"|"70277632"
0|2|3||2|4|5||||"41090740"|"70277633"
0|2|3||2|4|5||||"41090741"|"70277634"
0|2|3||5|40|75||||"41090741"|"70277635"
0|3|6||2|4|5||||"41090742"|"70277636"
0|2|3||5|40|75||||"41090742"|"70277637"
0|2|3||2|4|5||||"41090743"|"70277638"
54|56|57||5|40|75||||"41090743"|"70277639"
0|2|3||2|4|5||||"41090744"|"70277640"
54|56|57||5|40|75||||"41090744"|"70277641"
0|3|6||2|4|5||||"41090746"|"70277642"
0|2|3||5|40|75||||"41090746"|"70277643"
0|2|3||2|4|5||||"41090747"|"70277644"
0|2|3||5|40|75||||"41090747"|"70277645"
0|3|6||2|4|5||||"41090748"|"70277646"
0|2|3||5|40|75||||"41090748"|"70277647"
0|2|3||2|4|5||||"41090749"|"70277648"
0|2|3||5|40|75||||"41090749"|"70277649"
0|2|3||2|4|5||||"41090750"|"70277650"
0|2|3||5|40|75||||"41090750"|"70277651"
0|2|3||75|162|250||||"41090750"|"70277652"
0|4|8||2|4|5||||"41090751"|"70277653"
2|7|11||5|40|75||||"41090751"|"70277654"
3|10|17||75|162|250||||"41090751"|"70277655"
0|9|17||2|4|5||||"41090754"|"70277656"
0|3|6||5|40|75||||"41090754"|"70277657"
0|2|3||75|162|250||||"41090754"|"70277658"
0|2|3||2|4|5||||"41090755"|"70277659"
0|2|3||5|40|75||||"41090755"|"70277660"
0|2|3||75|162|250||||"41090755"|"70277661"
0|2|3||2|4|5||||"41090756"|"70277662"
0|2|3||5|40|75||||"41090756"|"70277663"
0|7|13||2|4|5||||"41090757"|"70277664"
6|12|18||5|40|75||||"41090757"|"70277665"
6|9|11||75|162|250||||"41090757"|"70277666"
0|2|3||250|625|1000||||"41090757"|"70277667"
0|2|3||2|4|5||||"41090765"|"70277668"
0|2|3||5|40|75||||"41090765"|"70277669"
0|3|6||2|4|5||||"41090766"|"70277670"
0|2|3||5|40|75||||"41090766"|"70277671"
0|3|6||2|4|5||||"41090769"|"70277672"
0|6|11||2|4|5||||"41090771"|"70277673"
3|7|11||5|40|75||||"41090771"|"70277674"
0|2|3||75|162|250||||"41090771"|"70277675"
0|2|3||250|625|1000||||"41090771"|"70277676"
0|3|6||2|4|5||||"41090772"|"70277677"
8|11|14||5|40|75||||"41090772"|"70277678"
0|2|3||75|162|250||||"41090772"|"70277679"
0|2|3||250|625|1000||||"41090772"|"70277680"
0|5|9||2|4|5||||"41090773"|"70277681"
0|3|6||5|40|75||||"41090773"|"70277682"
0|5|9||2|4|5||||"41090774"|"70277683"
3|6|9||5|40|75||||"41090774"|"70277684"
0|2|3||75|162|250||||"41090774"|"70277685"
0|5|9||2|4|5||||"41090775"|"70277686"
3|6|9||5|40|75||||"41090775"|"70277687"
0|2|3||75|162|250||||"41090775"|"70277688"
0|5|9||2|4|5||||"41090776"|"70277689"
0|3|6||5|40|75||||"41090776"|"70277690"
0|2|3||2|4|5||||"41090777"|"70277691"
0|2|3||5|40|75||||"41090777"|"70277692"
0|5|9||2|4|5||||"41090778"|"70277693"
3|6|9||5|40|75||||"41090778"|"70277694"
0|2|3||75|162|250||||"41090778"|"70277695"
0|7|13||2|4|5||||"41090779"|"70277696"
5|10|15||5|40|75||||"41090779"|"70277697"
3|5|6||75|162|250||||"41090779"|"70277698"
3|5|6||250|625|1000||||"41090779"|"70277699"
0|3|6||2|4|5||||"41090780"|"70277700"
7|11|14||5|40|75||||"41090780"|"70277701"
0|3|6||75|162|250||||"41090780"|"70277702"
0|3|6||250|625|1000||||"41090780"|"70277703"
0|5|9||2|4|5||||"41090781"|"70277704"
0|3|6||5|40|75||||"41090781"|"70277705"
0|2|3||75|162|250||||"41090781"|"70277706"
0|3|6||2|4|5||||"41090782"|"70277707"
0|2|4||5|40|75||||"41090782"|"70277708"
14|17|20||75|162|250||||"41090782"|"70277709"
0|5|9||2|4|5||||"41090783"|"70277710"
0|3|6||5|40|75||||"41090783"|"70277711"
0|3|6||75|162|250||||"41090783"|"70277712"
0|6|11||2|4|5||||"41090784"|"70277713"
4|9|14||5|40|75||||"41090784"|"70277714"
6|9|11||75|162|250||||"41090784"|"70277715"
6|8|9||250|625|1000||||"41090784"|"70277716"
0|3|6||2|4|5||||"41090785"|"70277717"
7|11|14||5|40|75||||"41090785"|"70277718"
0|3|6||75|162|250||||"41090785"|"70277719"
0|3|6||250|625|1000||||"41090785"|"70277720"
0|3|6||2|4|5||||"41090786"|"70277721"
0|3|6||5|40|75||||"41090786"|"70277722"
0|2|3||75|162|250||||"41090786"|"70277723"
0|5|9||2|4|5||||"41090787"|"70277724"
0|3|6||5|40|75||||"41090787"|"70277725"
0|2|3||75|162|250||||"41090787"|"70277726"
0|5|9||2|4|5||||"41090788"|"70277727"
0|3|6||5|40|75||||"41090788"|"70277728"
0|3|6||75|162|250||||"41090788"|"70277729"
0|3|6||2|4|5||||"41090789"|"70277730"
0|3|6||5|40|75||||"41090789"|"70277731"
0|2|3||75|162|250||||"41090789"|"70277732"
0|3|6||2|4|5||||"41090790"|"70277733"
0|3|6||5|40|75||||"41090790"|"70277734"
0|2|3||75|162|250||||"41090790"|"70277735"
0|3|6||2|4|5||||"41090791"|"70277736"
0|3|6||5|40|75||||"41090791"|"70277737"
0|2|3||75|162|250||||"41090791"|"70277738"
0|2|3||250|625|1000||||"41090791"|"70277739"
0|3|5||2|4|5||||"41090792"|"70277740"
0|2|3||5|40|75||||"41090792"|"70277741"
23|26|28||75|162|250||||"41090792"|"70277742"
0|2|3||250|625|1000||||"41090792"|"70277743"
0|3|6||2|4|5||||"41090794"|"70277744"
0|3|6||5|40|75||||"41090794"|"70277745"
0|2|3||75|162|250||||"41090794"|"70277746"
0|3|6||250|625|1000||||"41090794"|"70277747"
0|3|6||2|4|5||||"41090795"|"70277748"
0|3|6||5|40|75||||"41090795"|"70277749"
0|2|3||75|162|250||||"41090795"|"70277750"
0|3|6||250|625|1000||||"41090795"|"70277751"
0|3|6||2|4|5||||"41090801"|"70277752"
0|3|6||5|40|75||||"41090801"|"70277753"
0|2|3||75|162|250||||"41090801"|"70277754"
0|2|3||250|625|1000||||"41090801"|"70277755"
0|3|6||2|4|5||||"41090803"|"70277756"
0|3|6||5|40|75||||"41090803"|"70277757"
0|2|3||75|162|250||||"41090803"|"70277758"
0|2|3||250|625|1000||||"41090803"|"70277759"
0|2|3||2|4|5||||"41090804"|"70277760"
0|5|9||2|4|5||||"41090805"|"70277761"
17|20|23||5|40|75||||"41090805"|"70277762"
0|2|3||2|4|5||||"41090806"|"70277763"
54|56|57||5|40|75||||"41090806"|"70277764"
0|2|3||2|4|5||||"41090807"|"70277765"
54|56|57||5|40|75||||"41090807"|"70277766"
0|1|2||2|4|5||||"41090808"|"70277767"
0|1|2||5|40|75||||"41090808"|"70277768"
9|12|14||75|162|250||||"41090808"|"70277769"
28|31|34||250|625|1000||||"41090808"|"70277770"
0|5|9||2|4|5||||"41090809"|"70277771"
0|3|6||5|40|75||||"41090809"|"70277772"
0|3|6||2|4|5||||"41090810"|"70277773"
0|3|6||5|40|75||||"41090810"|"70277774"
0|2|3||75|162|250||||"41090810"|"70277775"
0|3|6||250|625|1000||||"41090810"|"70277776"
0|3|6||2|4|5||||"41090811"|"70277777"
0|3|6||5|40|75||||"41090811"|"70277778"
0|2|3||75|162|250||||"41090811"|"70277779"
0|3|6||250|625|1000||||"41090811"|"70277780"
0|2|3||2|4|5||||"41090813"|"70277781"
0|2|3||5|40|75||||"41090813"|"70277782"
9|12|14||75|162|250||||"41090813"|"70277783"
28|31|34||250|625|1000||||"41090813"|"70277784"
0|2|3||2|4|5||||"41090814"|"70277785"
0|2|3||5|40|75||||"41090814"|"70277786"
9|12|14||75|162|250||||"41090814"|"70277787"
28|31|34||250|625|1000||||"41090814"|"70277788"
17|34|51||2|4|5||||"41090816"|"70277789"
0|7|14||5|40|75||||"41090816"|"70277790"
0|5|9||75|162|250||||"41090816"|"70277791"
21|38|54||2|4|5||||"41090819"|"70277792"
0|7|14||5|40|75||||"41090819"|"70277793"
21|38|54||2|4|5||||"41090822"|"70277794"
0|7|14||5|40|75||||"41090822"|"70277795"
0|3|5||2|4|5||||"41090823"|"70277796"
2|5|7||5|40|75||||"41090823"|"70277797"
9|13|17||75|162|250||||"41090823"|"70277798"
0|5|9||2|4|5||||"41090824"|"70277799"
0|3|6||5|40|75||||"41090824"|"70277800"
0|2|3||75|162|250||||"41090824"|"70277801"
0|7|14||2|4|5||||"41090825"|"70277802"
13|20|26||5|40|75||||"41090825"|"70277803"
0|2|3||75|162|250||||"41090825"|"70277804"
21|38|54||2|4|5||||"41090826"|"70277805"
0|7|14||5|40|75||||"41090826"|"70277806"
0|5|9||2|4|5||||"41090829"|"70277807"
0|3|6||5|40|75||||"41090829"|"70277808"
0|2|3||75|162|250||||"41090829"|"70277809"
0|5|9||2|4|5||||"41090830"|"70277810"
0|3|6||5|40|75||||"41090830"|"70277811"
0|2|3||75|162|250||||"41090830"|"70277812"
0|7|14||2|4|5||||"41090831"|"70277813"
13|20|26||5|40|75||||"41090831"|"70277814"
0|2|3||75|162|250||||"41090831"|"70277815"
0|6|11||2|4|5||||"41090832"|"70277816"
3|7|11||5|40|75||||"41090832"|"70277817"
0|2|3||75|162|250||||"41090832"|"70277818"
0|2|3||250|625|1000||||"41090832"|"70277819"
0|3|6||2|4|5||||"41090833"|"70277820"
8|11|14||5|40|75||||"41090833"|"70277821"
0|2|3||75|162|250||||"41090833"|"70277822"
0|2|3||250|625|1000||||"41090833"|"70277823"
0|6|11||2|4|5||||"41090834"|"70277824"
3|7|11||5|40|75||||"41090834"|"70277825"
0|2|3||75|162|250||||"41090834"|"70277826"
0|2|3||250|625|1000||||"41090834"|"70277827"
0|3|6||2|4|5||||"41090835"|"70277828"
8|11|14||5|40|75||||"41090835"|"70277829"
0|2|3||75|162|250||||"41090835"|"70277830"
0|2|3||250|625|1000||||"41090835"|"70277831"
0|5|10||2|4|5||||"41090836"|"70277832"
4|9|13||5|40|75||||"41090836"|"70277833"
6|9|11||75|162|250||||"41090836"|"70277834"
0|2|3||250|625|1000||||"41090836"|"70277835"
0|3|6||2|4|5||||"41090837"|"70277836"
8|11|14||5|40|75||||"41090837"|"70277837"
0|2|3||75|162|250||||"41090837"|"70277838"
0|2|3||250|625|1000||||"41090837"|"70277839"
11|14|17||75|162|250||||"41090838"|"70277840"
0|2|3||2|4|5||||"41090839"|"70277841"
0|2|3||75|162|250||||"41090839"|"70277842"
0|3|5||2|4|5||||"41090840"|"70277843"
1|4|6||5|40|75||||"41090840"|"70277844"
9|12|14||75|162|250||||"41090840"|"70277845"
25|30|34||250|625|1000||||"41090840"|"70277846"
0|3|5||2|4|5||||"41090841"|"70277847"
1|4|6||5|40|75||||"41090841"|"70277848"
9|12|14||75|162|250||||"41090841"|"70277849"
25|30|34||250|625|1000||||"41090841"|"70277850"
0|2|3||2|4|5||||"41090842"|"70277851"
0|2|3||5|40|75||||"41090842"|"70277852"
0|2|3||75|162|250||||"41090842"|"70277853"
0|3|6||2|4|5||||"41090843"|"70277854"
0|2|3||5|40|75||||"41090843"|"70277855"
0|2|3||75|162|250||||"41090843"|"70277856"
0|5|9||2|4|5||||"41090844"|"70277857"
3|6|9||5|40|75||||"41090844"|"70277858"
0|2|3||75|162|250||||"41090844"|"70277859"
0|6|11||2|4|5||||"41090847"|"70277860"
3|6|9||5|40|75||||"41090847"|"70277861"
0|5|9||5|40|75||||"41090848"|"70277862"
14|19|23||75|162|250||||"41090848"|"70277863"
0|2|3||250|625|1000||||"41090848"|"70277864"
0|6|11||2|4|5||||"41090848"|"70277865"
0|7|13||2|4|5||||"41090849"|"70277866"
0|5|10||5|40|75||||"41090849"|"70277867"
6|10|14||75|162|250||||"41090849"|"70277868"
0|2|3||250|625|1000||||"41090849"|"70277869"
0|8|15||2|4|5||||"41090850"|"70277870"
12|20|28||5|40|75||||"41090850"|"70277871"
6|10|14||75|162|250||||"41090850"|"70277872"
0|2|3||250|625|1000||||"41090850"|"70277873"
0|5|10||2|4|5||||"41090851"|"70277874"
4|9|13||5|40|75||||"41090851"|"70277875"
6|9|11||75|162|250||||"41090851"|"70277876"
0|2|3||250|625|1000||||"41090851"|"70277877"
0|3|6||2|4|5||||"41090852"|"70277878"
8|11|14||5|40|75||||"41090852"|"70277879"
0|2|3||75|162|250||||"41090852"|"70277880"
0|2|3||250|625|1000||||"41090852"|"70277881"
0|7|13||2|4|5||||"41090853"|"70277882"
0|5|10||5|40|75||||"41090853"|"70277883"
6|10|14||75|162|250||||"41090853"|"70277884"
0|2|3||250|625|1000||||"41090853"|"70277885"
0|7|13||2|4|5||||"41090854"|"70277886"
0|5|10||5|40|75||||"41090854"|"70277887"
6|10|14||75|162|250||||"41090854"|"70277888"
0|2|3||250|625|1000||||"41090854"|"70277889"
0|8|15||2|4|5||||"41090855"|"70277890"
12|20|28||5|40|75||||"41090855"|"70277891"
6|10|14||75|162|250||||"41090855"|"70277892"
0|2|3||250|625|1000||||"41090855"|"70277893"
0|2|3||2|4|5||||"41090859"|"70277894"
0|2|3||75|162|250||||"41090859"|"70277895"
0|5|9||2|4|5||||"41090862"|"70277896"
3|6|9||5|40|75||||"41090862"|"70277897"
0|2|3||75|162|250||||"41090862"|"70277898"
0|5|9||2|4|5||||"41090868"|"70277899"
3|6|9||5|40|75||||"41090868"|"70277900"
0|2|3||75|162|250||||"41090868"|"70277901"
0|5|9||2|4|5||||"41090869"|"70277902"
3|6|9||5|40|75||||"41090869"|"70277903"
0|2|3||75|162|250||||"41090869"|"70277904"
0|3|5||2|4|5||||"41090870"|"70277905"
0|2|3||5|40|75||||"41090870"|"70277906"
3|5|6||75|162|250||||"41090870"|"70277907"
3|5|6||250|625|1000||||"41090870"|"70277908"
0|2|3||2|4|5||||"41090871"|"70277909"
0|2|3||75|162|250||||"41090871"|"70277910"
0|2|3||2|4|5||||"41090872"|"70277911"
0|2|3||75|162|250||||"41090872"|"70277912"
14|31|48||2|4|5||||"41090873"|"70277913"
0|7|14||5|40|75||||"41090873"|"70277914"
0|2|3||75|162|250||||"41090873"|"70277915"
0|2|3||250|625|1000||||"41090873"|"70277916"
0|2|3||2|4|5||||"41090880"|"70277917"
3|5|6||75|162|250||||"41090880"|"70277918"
3|5|6||250|625|1000||||"41090880"|"70277919"
0|2|3||2|4|5||||"41090884"|"70277920"
0|2|3||5|40|75||||"41090884"|"70277921"
0|2|3||75|162|250||||"41090884"|"70277922"
0|2|3||2|4|5||||"41090885"|"70277923"
0|2|3||5|40|75||||"41090885"|"70277924"
0|2|3||75|162|250||||"41090885"|"70277925"
0|2|3||2|4|5||||"41090886"|"70277926"
0|2|3||5|40|75||||"41090886"|"70277927"
0|2|3||75|162|250||||"41090886"|"70277928"
0|2|3||2|4|5||||"41090887"|"70277929"
0|2|3||5|40|75||||"41090887"|"70277930"
0|2|3||75|162|250||||"41090887"|"70277931"
0|2|3||2|4|5||||"41090888"|"70277932"
0|2|3||5|40|75||||"41090888"|"70277933"
0|2|3||2|4|5||||"41090889"|"70277934"
0|2|3||5|40|75||||"41090889"|"70277935"
0|4|8||2|4|5||||"41090892"|"70277936"
3|6|8||5|40|75||||"41090892"|"70277937"
3|5|6||75|162|250||||"41090892"|"70277938"
0|4|8||2|4|5||||"41090897"|"70277939"
3|6|8||5|40|75||||"41090897"|"70277940"
3|5|6||75|162|250||||"41090897"|"70277941"
0|2|3||2|4|5||||"41090900"|"70277942"
3|5|6||75|162|250||||"41090900"|"70277943"
3|5|6||250|625|1000||||"41090900"|"70277944"
0|5|9||2|4|5||||"41090902"|"70277945"
0|5|9||5|40|75||||"41090902"|"70277946"
0|2|3||75|162|250||||"41090902"|"70277947"
0|2|3||250|625|1000||||"41090902"|"70277948"
0|5|9||2|4|5||||"41090903"|"70277949"
5|9|13||5|40|75||||"41090903"|"70277950"
9|12|14||75|162|250||||"41090903"|"70277951"
6|9|11||250|625|1000||||"41090903"|"70277952"
0|2|3||2|4|5||||"41090907"|"70277953"
0|2|3||5|40|75||||"41090907"|"70277954"
0|2|3||2|4|5||||"41090908"|"70277955"
0|2|3||5|40|75||||"41090908"|"70277956"
0|3|5||2|4|5||||"41090909"|"70277957"
0|3|5||5|40|75||||"41090909"|"70277958"
3|5|6||75|162|250||||"41090909"|"70277959"
0|2|3||2|4|5||||"41090910"|"70277960"
0|2|3||75|162|250||||"41090910"|"70277961"
0|2|3||250|625|1000||||"41090910"|"70277962"
0|2|3||2|4|5||||"41090911"|"70277963"
0|2|3||75|162|250||||"41090911"|"70277964"
0|2|3||2|4|5||||"41090912"|"70277965"
0|2|3||75|162|250||||"41090912"|"70277966"
14|31|48||2|4|5||||"41090913"|"70277967"
0|7|14||5|40|75||||"41090913"|"70277968"
0|2|3||75|162|250||||"41090913"|"70277969"
0|2|3||2|4|5||||"41090914"|"70277970"
0|2|3||5|40|75||||"41090914"|"70277971"
0|5|9||2|4|5||||"41090915"|"70277972"
0|3|6||5|40|75||||"41090915"|"70277973"
0|2|3||2|4|5||||"41090916"|"70277974"
0|2|3||75|162|250||||"41090916"|"70277975"
0|2|3||2|4|5||||"41090917"|"70277976"
0|2|3||75|162|250||||"41090917"|"70277977"
14|31|48||2|4|5||||"41090918"|"70277978"
0|7|14||5|40|75||||"41090918"|"70277979"
0|2|3||75|162|250||||"41090918"|"70277980"
0|2|3||250|625|1000||||"41090918"|"70277981"
0|1|2||2|4|5||||"41090919"|"70277982"
2|4|5||5|40|75||||"41090919"|"70277983"
3|5|6||75|162|250||||"41090919"|"70277984"
6|8|9||250|625|1000||||"41090919"|"70277985"
0|3|6||2|4|5||||"41090920"|"70277986"
8|11|14||5|40|75||||"41090920"|"70277987"
0|2|3||75|162|250||||"41090920"|"70277988"
0|6|11||2|4|5||||"41090921"|"70277989"
8|11|14||5|40|75||||"41090921"|"70277990"
0|2|3||75|162|250||||"41090921"|"70277991"
1|8|14||2|4|5||||"41090922"|"70277992"
3|6|9||5|40|75||||"41090922"|"70277993"
0|2|3||75|162|250||||"41090922"|"70277994"
0|1|2||2|4|5||||"41090923"|"70277995"
1|2|3||5|40|75||||"41090923"|"70277996"
14|16|17||75|162|250||||"41090923"|"70277997"
9|10|11||250|625|1000||||"41090923"|"70277998"
0|5|9||2|4|5||||"41090924"|"70277999"
0|5|9||5|40|75||||"41090924"|"70278000"
0|2|3||75|162|250||||"41090924"|"70278001"
0|2|3||250|625|1000||||"41090924"|"70278002"
0|5|9||2|4|5||||"41090925"|"70278003"
5|9|13||5|40|75||||"41090925"|"70278004"
9|12|14||75|162|250||||"41090925"|"70278005"
6|9|11||250|625|1000||||"41090925"|"70278006"
0|5|9||2|4|5||||"41090927"|"70278007"
0|5|9||5|40|75||||"41090927"|"70278008"
0|2|3||75|162|250||||"41090927"|"70278009"
0|2|3||250|625|1000||||"41090927"|"70278010"
0|5|9||2|4|5||||"41090928"|"70278011"
5|9|13||5|40|75||||"41090928"|"70278012"
9|12|14||75|162|250||||"41090928"|"70278013"
6|9|11||250|625|1000||||"41090928"|"70278014"
0|1|2||2|4|5||||"41090930"|"70278015"
1|2|3||5|40|75||||"41090930"|"70278016"
20|23|25||75|162|250||||"41090930"|"70278017"
14|16|17||250|625|1000||||"41090930"|"70278018"
0|3|6||2|4|5||||"41090931"|"70278019"
0|3|6||5|40|75||||"41090931"|"70278020"
0|2|3||75|162|250||||"41090931"|"70278021"
0|3|6||250|625|1000||||"41090931"|"70278022"
0|3|6||2|4|5||||"41090932"|"70278023"
0|3|6||5|40|75||||"41090932"|"70278024"
0|2|3||75|162|250||||"41090932"|"70278025"
0|3|6||250|625|1000||||"41090932"|"70278026"
0|5|9||2|4|5||||"41090934"|"70278027"
3|7|11||5|40|75||||"41090934"|"70278028"
11|18|25||75|162|250||||"41090934"|"70278029"
0|2|4||2|4|5||||"41090935"|"70278030"
4|9|13||5|40|75||||"41090935"|"70278031"
28|35|42||75|162|250||||"41090935"|"70278032"
0|3|6||2|4|5||||"41090936"|"70278033"
7|13|19||5|40|75||||"41090936"|"70278034"
14|24|34||75|162|250||||"41090936"|"70278035"
0|2|4||2|4|5||||"41090937"|"70278036"
4|9|13||5|40|75||||"41090937"|"70278037"
28|35|42||75|162|250||||"41090937"|"70278038"
0|1|2||2|4|5||||"41090938"|"70278039"
1|2|3||5|40|75||||"41090938"|"70278040"
20|23|25||75|162|250||||"41090938"|"70278041"
14|16|17||250|625|1000||||"41090938"|"70278042"
0|5|9||2|4|5||||"41090939"|"70278043"
0|5|9||5|40|75||||"41090939"|"70278044"
0|2|3||75|162|250||||"41090939"|"70278045"
0|2|3||250|625|1000||||"41090939"|"70278046"
0|5|9||2|4|5||||"41090940"|"70278047"
5|9|13||5|40|75||||"41090940"|"70278048"
9|12|14||75|162|250||||"41090940"|"70278049"
6|9|11||250|625|1000||||"41090940"|"70278050"
0|6|11||2|4|5||||"41090942"|"70278051"
11|17|23||5|40|75||||"41090942"|"70278052"
9|12|14||75|162|250||||"41090942"|"70278053"
3|5|6||250|625|1000||||"41090942"|"70278054"
0|3|5||2|4|5||||"41090943"|"70278055"
2|4|6||5|40|75||||"41090943"|"70278056"
6|9|11||75|162|250||||"41090943"|"70278057"
0|2|3||250|625|1000||||"41090943"|"70278058"
0|2|4||2|4|5||||"41090944"|"70278059"
2|13|23||5|40|75||||"41090944"|"70278060"
28|38|48||75|162|250||||"41090944"|"70278061"
3|5|6||250|625|1000||||"41090944"|"70278062"
0|3|6||2|4|5||||"41090945"|"70278063"
0|2|4||5|40|75||||"41090945"|"70278064"
14|20|25||75|162|250||||"41090945"|"70278065"
0|4|8||2|4|5||||"41090946"|"70278066"
0|3|5||5|40|75||||"41090946"|"70278067"
3|6|9||75|162|250||||"41090946"|"70278068"
0|2|4||2|4|5||||"41090947"|"70278069"
7|13|19||5|40|75||||"41090947"|"70278070"
37|43|48||75|162|250||||"41090947"|"70278071"
0|1|2||2|4|5||||"41090948"|"70278072"
0|1|2||5|40|75||||"41090948"|"70278073"
9|12|14||75|162|250||||"41090948"|"70278074"
28|31|34||250|625|1000||||"41090948"|"70278075"
0|5|9||2|4|5||||"41090949"|"70278076"
0|3|6||5|40|75||||"41090949"|"70278077"
0|5|9||2|4|5||||"41090950"|"70278078"
0|3|6||5|40|75||||"41090950"|"70278079"
0|3|6||75|162|250||||"41090950"|"70278080"
0|5|9||2|4|5||||"41090951"|"70278081"
0|3|6||5|40|75||||"41090951"|"70278082"
0|2|3||75|162|250||||"41090951"|"70278083"
0|2|3||2|4|5||||"41090953"|"70278084"
9|13|16||5|40|75||||"41090953"|"70278085"
20|22|23||75|162|250||||"41090953"|"70278086"
20|22|23||250|625|1000||||"41090953"|"70278087"
0|2|3||2|4|5||||"41090954"|"70278088"
0|1|2||5|40|75||||"41090954"|"70278089"
11|14|17||75|162|250||||"41090954"|"70278090"
11|14|17||250|625|1000||||"41090954"|"70278091"
0|2|3||2|4|5||||"41090955"|"70278092"
1|3|5||5|40|75||||"41090955"|"70278093"
11|14|17||75|162|250||||"41090955"|"70278094"
11|14|17||250|625|1000||||"41090955"|"70278095"
0|3|6||2|4|5||||"41090958"|"70278096"
5|16|27||5|40|75||||"41090958"|"70278097"
28|40|51||75|162|250||||"41090958"|"70278098"
0|2|3||2|4|5||||"41090960"|"70278099"
0|2|3||5|40|75||||"41090960"|"70278100"
0|2|3||75|162|250||||"41090960"|"70278101"
0|3|5||2|4|5||||"41090961"|"70278102"
0|1|2||5|40|75||||"41090961"|"70278103"
9|12|14||75|162|250||||"41090961"|"70278104"
0|2|3||2|4|5||||"41090962"|"70278105"
7|11|14||5|40|75||||"41090962"|"70278106"
42|45|48||75|162|250||||"41090962"|"70278107"
0|4|8||2|4|5||||"41090963"|"70278108"
8|13|18||5|40|75||||"41090963"|"70278109"
14|20|25||75|162|250||||"41090963"|"70278110"
3|5|6||250|625|1000||||"41090963"|"70278111"
0|3|5||2|4|5||||"41090964"|"70278112"
2|5|8||5|40|75||||"41090964"|"70278113"
6|9|11||75|162|250||||"41090964"|"70278114"
0|2|3||250|625|1000||||"41090964"|"70278115"
0|2|4||2|4|5||||"41090965"|"70278116"
2|13|23||5|40|75||||"41090965"|"70278117"
28|38|48||75|162|250||||"41090965"|"70278118"
3|5|6||250|625|1000||||"41090965"|"70278119"
18|35|51||2|4|5||||"41090968"|"70278120"
0|7|13||5|40|75||||"41090968"|"70278121"
3|5|6||75|162|250||||"41090968"|"70278122"
0|5|9||2|4|5||||"41090980"|"70278123"
0|5|9||5|40|75||||"41090980"|"70278124"
0|2|3||75|162|250||||"41090980"|"70278125"
0|5|9||2|4|5||||"41090981"|"70278126"
0|5|9||5|40|75||||"41090981"|"70278127"
0|2|3||75|162|250||||"41090981"|"70278128"
18|35|51||2|4|5||||"41090982"|"70278129"
0|7|13||5|40|75||||"41090982"|"70278130"
3|5|6||75|162|250||||"41090982"|"70278131"
0|9|17||2|4|5||||"41090993"|"70278132"
24|32|40||5|40|75||||"41090993"|"70278133"
0|2|3||75|162|250||||"41090993"|"70278134"
0|7|14||2|4|5||||"41090998"|"70278135"
0|7|14||5|40|75||||"41090998"|"70278136"
0|3|6||75|162|250||||"41090998"|"70278137"
0|3|6||75|162|250||||"41090999"|"70278138"
18|36|54||2|4|5||||"41090999"|"70278139"
0|7|14||5|40|75||||"41090999"|"70278140"
0|7|14||2|4|5||||"41091000"|"70278141"
0|7|14||5|40|75||||"41091000"|"70278142"
0|3|6||75|162|250||||"41091000"|"70278143"
18|36|54||2|4|5||||"41091001"|"70278144"
0|7|14||5|40|75||||"41091001"|"70278145"
0|3|6||75|162|250||||"41091001"|"70278146"
0|7|14||2|4|5||||"41091002"|"70278147"
0|7|14||5|40|75||||"41091002"|"70278148"
0|3|6||75|162|250||||"41091002"|"70278149"
18|36|54||2|4|5||||"41091003"|"70278150"
0|7|14||5|40|75||||"41091003"|"70278151"
0|3|6||75|162|250||||"41091003"|"70278152"
34|37|40||75|162|250||||"41091004"|"70278153"
0|2|3||75|162|250||||"41091005"|"70278154"
0|2|3||2|4|5||||"41091008"|"70278155"
0|3|6||2|4|5||||"41091011"|"70278156"
0|3|6||5|40|75||||"41091011"|"70278157"
0|2|3||75|162|250||||"41091011"|"70278158"
0|2|3||250|625|1000||||"41091011"|"70278159"
0|3|6||2|4|5||||"41091012"|"70278160"
0|3|6||5|40|75||||"41091012"|"70278161"
0|2|3||75|162|250||||"41091012"|"70278162"
0|2|3||250|625|1000||||"41091012"|"70278163"
0|2|3||2|4|5||||"41091014"|"70278164"
0|2|3||2|4|5||||"41091015"|"70278165"
0|3|6||2|4|5||||"41091017"|"70278166"
0|2|3||5|40|75||||"41091017"|"70278167"
3|13|22||2|4|5||||"41091018"|"70278168"
5|9|13||5|40|75||||"41091018"|"70278169"
3|5|6||75|162|250||||"41091018"|"70278170"
0|2|3||2|4|5||||"41091020"|"70278171"
0|2|3||2|4|5||||"41091021"|"70278172"
0|2|3||2|4|5||||"41091022"|"70278173"
0|5|9||2|4|5||||"41091023"|"70278174"
11|16|20||5|40|75||||"41091023"|"70278175"
0|2|3||75|162|250||||"41091023"|"70278176"
0|2|3||2|4|5||||"41091024"|"70278177"
0|2|3||5|40|75||||"41091024"|"70278178"
0|2|3||2|4|5||||"41091026"|"70278179"
0|2|3||2|4|5||||"41091031"|"70278180"
0|2|3||2|4|5||||"41091032"|"70278181"
0|2|3||2|4|5||||"41091033"|"70278182"
0|2|3||2|4|5||||"41091034"|"70278183"
0|2|3||5|40|75||||"41091034"|"70278184"
0|2|3||75|162|250||||"41091034"|"70278185"
0|2|3||2|4|5||||"41091035"|"70278186"
0|2|3||5|40|75||||"41091035"|"70278187"
0|7|13||2|4|5||||"41091036"|"70278188"
6|12|18||5|40|75||||"41091036"|"70278189"
6|9|11||75|162|250||||"41091036"|"70278190"
0|2|3||250|625|1000||||"41091036"|"70278191"
0|2|3||2|4|5||||"41091039"|"70278192"
0|2|3||2|4|5||||"41091040"|"70278193"
0|6|11||2|4|5||||"41091043"|"70278194"
0|2|3||5|40|75||||"41091043"|"70278195"
0|5|9||2|4|5||||"41091044"|"70278196"
0|3|6||5|40|75||||"41091044"|"70278197"
0|2|3||2|4|5||||"41091045"|"70278198"
0|2|3||5|40|75||||"41091045"|"70278199"
0|2|3||2|4|5||||"41091046"|"70278200"
0|2|3||5|40|75||||"41091046"|"70278201"
6|9|11||75|162|250||||"41091046"|"70278202"
0|3|6||2|4|5||||"41091052"|"70278203"
0|4|7||2|4|5||||"41091054"|"70278204"
2|5|7||5|40|75||||"41091054"|"70278205"
9|10|11||75|162|250||||"41091054"|"70278206"
0|3|6||2|4|5||||"41091056"|"70278207"
0|2|4||2|4|5||||"41091057"|"70278208"
1|4|6||5|40|75||||"41091057"|"70278209"
11|14|17||75|162|250||||"41091057"|"70278210"
17|21|25||250|625|1000||||"41091057"|"70278211"
0|2|4||2|4|5||||"41091058"|"70278212"
1|4|6||5|40|75||||"41091058"|"70278213"
11|14|17||75|162|250||||"41091058"|"70278214"
17|21|25||250|625|1000||||"41091058"|"70278215"
0|3|6||2|4|5||||"41091060"|"70278216"
0|3|6||5|40|75||||"41091060"|"70278217"
0|2|3||75|162|250||||"41091060"|"70278218"
0|3|6||250|625|1000||||"41091060"|"70278219"
0|3|6||2|4|5||||"41091061"|"70278220"
0|3|6||5|40|75||||"41091061"|"70278221"
0|2|3||75|162|250||||"41091061"|"70278222"
0|3|6||250|625|1000||||"41091061"|"70278223"
0|3|6||2|4|5||||"41091063"|"70278224"
0|3|6||5|40|75||||"41091063"|"70278225"
0|2|3||75|162|250||||"41091063"|"70278226"
0|2|3||250|625|1000||||"41091063"|"70278227"
0|3|6||2|4|5||||"41091064"|"70278228"
0|3|6||5|40|75||||"41091064"|"70278229"
0|2|3||75|162|250||||"41091064"|"70278230"
0|2|3||250|625|1000||||"41091064"|"70278231"
17|34|51||2|4|5||||"41091066"|"70278232"
0|7|14||5|40|75||||"41091066"|"70278233"
0|5|9||75|162|250||||"41091066"|"70278234"
0|3|5||2|4|5||||"41091068"|"70278235"
1|4|6||5|40|75||||"41091068"|"70278236"
9|12|14||75|162|250||||"41091068"|"70278237"
25|30|34||250|625|1000||||"41091068"|"70278238"
0|3|5||2|4|5||||"41091069"|"70278239"
1|4|6||5|40|75||||"41091069"|"70278240"
9|12|14||75|162|250||||"41091069"|"70278241"
25|30|34||250|625|1000||||"41091069"|"70278242"
0|2|3||2|4|5||||"41091070"|"70278243"
5|10|14||5|40|75||||"41091070"|"70278244"
42|47|51||75|162|250||||"41091070"|"70278245"
0|3|6||2|4|5||||"41091071"|"70278246"
8|11|14||5|40|75||||"41091071"|"70278247"
0|2|3||75|162|250||||"41091071"|"70278248"
0|6|11||2|4|5||||"41091072"|"70278249"
8|11|14||5|40|75||||"41091072"|"70278250"
0|2|3||75|162|250||||"41091072"|"70278251"
1|8|14||2|4|5||||"41091073"|"70278252"
3|6|9||5|40|75||||"41091073"|"70278253"
0|2|3||75|162|250||||"41091073"|"70278254"
0|3|6||2|4|5||||"41091075"|"70278255"
0|3|6||5|40|75||||"41091075"|"70278256"
0|2|3||75|162|250||||"41091075"|"70278257"
0|2|3||250|625|1000||||"41091075"|"70278258"
0|3|6||2|4|5||||"41091076"|"70278259"
0|3|6||5|40|75||||"41091076"|"70278260"
0|2|3||75|162|250||||"41091076"|"70278261"
0|2|3||250|625|1000||||"41091076"|"70278262"
0|3|6||2|4|5||||"41091078"|"70278263"
0|3|6||5|40|75||||"41091078"|"70278264"
0|2|3||75|162|250||||"41091078"|"70278265"
0|3|6||250|625|1000||||"41091078"|"70278266"
0|3|6||2|4|5||||"41091079"|"70278267"
0|3|6||5|40|75||||"41091079"|"70278268"
0|2|3||75|162|250||||"41091079"|"70278269"
0|3|6||250|625|1000||||"41091079"|"70278270"
0|3|6||2|4|5||||"41091084"|"70278271"
0|3|6||5|40|75||||"41091084"|"70278272"
0|2|3||75|162|250||||"41091084"|"70278273"
0|2|3||250|625|1000||||"41091084"|"70278274"
0|3|5||2|4|5||||"41091085"|"70278275"
0|2|3||5|40|75||||"41091085"|"70278276"
23|26|28||75|162|250||||"41091085"|"70278277"
0|2|3||250|625|1000||||"41091085"|"70278278"
0|2|3||75|162|250||||"41091087"|"70278279"
0|2|3||75|162|250||||"41091088"|"70278280"
0|3|6||2|4|5||||"41091091"|"70278281"
0|3|6||5|40|75||||"41091091"|"70278282"
0|2|3||75|162|250||||"41091091"|"70278283"
0|2|3||250|625|1000||||"41091091"|"70278284"
0|3|6||2|4|5||||"41091092"|"70278285"
0|3|6||5|40|75||||"41091092"|"70278286"
0|2|3||75|162|250||||"41091092"|"70278287"
0|2|3||250|625|1000||||"41091092"|"70278288"
0|2|4||2|4|5||||"41091101"|"70278289"
6|10|13||5|40|75||||"41091101"|"70278290"
42|45|48||75|162|250||||"41091101"|"70278291"
0|2|3||2|4|5||||"41091103"|"70278292"
7|11|14||5|40|75||||"41091103"|"70278293"
42|45|48||75|162|250||||"41091103"|"70278294"
0|2|4||2|4|5||||"41091109"|"70278295"
2|11|20||5|40|75||||"41091109"|"70278296"
34|40|45||75|162|250||||"41091109"|"70278297"
3|6|9||250|625|1000||||"41091109"|"70278298"
0|2|3||2|4|5||||"41091114"|"70278299"
5|11|17||5|40|75||||"41091114"|"70278300"
40|46|51||75|162|250||||"41091114"|"70278301"
0|3|5||2|4|5||||"41091116"|"70278302"
0|2|3||5|40|75||||"41091116"|"70278303"
23|26|28||75|162|250||||"41091116"|"70278304"
0|2|3||250|625|1000||||"41091116"|"70278305"
0|3|6||2|4|5||||"41091118"|"70278306"
0|3|6||5|40|75||||"41091118"|"70278307"
0|2|3||75|162|250||||"41091118"|"70278308"
0|2|3||250|625|1000||||"41091118"|"70278309"
0|2|3||2|4|5||||"41091121"|"70278310"
5|11|17||5|40|75||||"41091121"|"70278311"
40|46|51||75|162|250||||"41091121"|"70278312"
0|3|5||2|4|5||||"41091122"|"70278313"
3|6|9||5|40|75||||"41091122"|"70278314"
31|37|42||75|162|250||||"41091122"|"70278315"
0|2|3||2|4|5||||"41091123"|"70278316"
7|10|13||5|40|75||||"41091123"|"70278317"
42|45|48||75|162|250||||"41091123"|"70278318"
0|2|3||2|4|5||||"41091124"|"70278319"
1|2|3||5|40|75||||"41091124"|"70278320"
37|41|45||75|162|250||||"41091124"|"70278321"
0|3|6||2|4|5||||"41091125"|"70278322"
2|5|7||5|40|75||||"41091125"|"70278323"
28|33|37||75|162|250||||"41091125"|"70278324"
0|2|3||2|4|5||||"41091126"|"70278325"
0|2|3||5|40|75||||"41091126"|"70278326"
6|10|14||75|162|250||||"41091126"|"70278327"
0|3|6||2|4|5||||"41091127"|"70278328"
2|5|7||5|40|75||||"41091127"|"70278329"
28|33|37||75|162|250||||"41091127"|"70278330"
0|3|5||2|4|5||||"41091128"|"70278331"
3|6|9||5|40|75||||"41091128"|"70278332"
31|37|42||75|162|250||||"41091128"|"70278333"
0|2|3||2|4|5||||"41091129"|"70278334"
7|10|13||5|40|75||||"41091129"|"70278335"
42|45|48||75|162|250||||"41091129"|"70278336"
0|2|3||2|4|5||||"41091130"|"70278337"
0|2|3||5|40|75||||"41091130"|"70278338"
6|10|14||75|162|250||||"41091130"|"70278339"
0|3|6||2|4|5||||"41091131"|"70278340"
2|5|7||5|40|75||||"41091131"|"70278341"
28|33|37||75|162|250||||"41091131"|"70278342"
0|3|5||2|4|5||||"41091132"|"70278343"
3|6|9||5|40|75||||"41091132"|"70278344"
31|37|42||75|162|250||||"41091132"|"70278345"
0|2|3||2|4|5||||"41091133"|"70278346"
7|10|13||5|40|75||||"41091133"|"70278347"
42|45|48||75|162|250||||"41091133"|"70278348"
0|5|9||2|4|5||||"41091134"|"70278349"
9|16|23||5|40|75||||"41091134"|"70278350"
11|20|28||75|162|250||||"41091134"|"70278351"
0|3|6||2|4|5||||"41091135"|"70278352"
9|13|16||5|40|75||||"41091135"|"70278353"
17|21|25||75|162|250||||"41091135"|"70278354"
0|2|4||2|4|5||||"41091136"|"70278355"
6|9|12||5|40|75||||"41091136"|"70278356"
37|40|42||75|162|250||||"41091136"|"70278357"
0|2|4||2|4|5||||"41091137"|"70278358"
7|13|19||5|40|75||||"41091137"|"70278359"
37|43|48||75|162|250||||"41091137"|"70278360"
0|5|9||2|4|5||||"41091138"|"70278361"
9|16|23||5|40|75||||"41091138"|"70278362"
11|20|28||75|162|250||||"41091138"|"70278363"
0|3|6||2|4|5||||"41091139"|"70278364"
9|13|16||5|40|75||||"41091139"|"70278365"
17|21|25||75|162|250||||"41091139"|"70278366"
0|2|4||2|4|5||||"41091140"|"70278367"
6|9|12||5|40|75||||"41091140"|"70278368"
37|40|42||75|162|250||||"41091140"|"70278369"
0|2|4||2|4|5||||"41091141"|"70278370"
7|13|19||5|40|75||||"41091141"|"70278371"
37|43|48||75|162|250||||"41091141"|"70278372"
17|34|51||2|4|5||||"41091142"|"70278373"
0|7|14||5|40|75||||"41091142"|"70278374"
0|5|9||75|162|250||||"41091142"|"70278375"
0|2|3||2|4|5||||"41091143"|"70278376"
5|10|14||5|40|75||||"41091143"|"70278377"
42|47|51||75|162|250||||"41091143"|"70278378"
0|2|4||2|4|5||||"41091144"|"70278379"
1|4|6||5|40|75||||"41091144"|"70278380"
11|14|17||75|162|250||||"41091144"|"70278381"
17|21|25||250|625|1000||||"41091144"|"70278382"
0|2|4||2|4|5||||"41091145"|"70278383"
1|4|6||5|40|75||||"41091145"|"70278384"
11|14|17||75|162|250||||"41091145"|"70278385"
17|21|25||250|625|1000||||"41091145"|"70278386"
0|2|3||75|162|250||||"41091147"|"70278387"
0|2|3||250|625|1000||||"41091147"|"70278388"
6|10|14||75|162|250||||"41091150"|"70278389"
0|7|14||2|4|5||||"41091151"|"70278390"
0|5|9||5|40|75||||"41091151"|"70278391"
0|2|3||75|162|250||||"41091151"|"70278392"
20|37|54||2|4|5||||"41091152"|"70278393"
0|7|14||5|40|75||||"41091152"|"70278394"
0|2|3||75|162|250||||"41091152"|"70278395"
1|14|27||2|4|5||||"41091153"|"70278396"
0|4|7||5|40|75||||"41091153"|"70278397"
28|34|40||75|162|250||||"41091153"|"70278398"
0|7|14||2|4|5||||"41091154"|"70278399"
0|7|14||5|40|75||||"41091154"|"70278400"
0|3|6||75|162|250||||"41091154"|"70278401"
0|7|14||2|4|5||||"41091155"|"70278402"
0|7|14||5|40|75||||"41091155"|"70278403"
0|3|6||75|162|250||||"41091155"|"70278404"
18|36|54||2|4|5||||"41091156"|"70278405"
0|7|14||5|40|75||||"41091156"|"70278406"
0|3|6||75|162|250||||"41091156"|"70278407"
0|2|3||75|162|250||||"41091158"|"70278408"
0|2|3||2|4|5||||"41091159"|"70278409"
5|16|27||5|40|75||||"41091159"|"70278410"
28|40|51||75|162|250||||"41091159"|"70278411"
0|5|9||2|4|5||||"41091161"|"70278412"
5|10|14||5|40|75||||"41091161"|"70278413"
0|2|3||75|162|250||||"41091161"|"70278414"
0|7|14||2|4|5||||"41091163"|"70278415"
0|5|9||5|40|75||||"41091163"|"70278416"
0|2|3||75|162|250||||"41091163"|"70278417"
0|7|14||2|4|5||||"41091164"|"70278418"
0|5|9||5|40|75||||"41091164"|"70278419"
0|2|3||75|162|250||||"41091164"|"70278420"
20|37|54||2|4|5||||"41091165"|"70278421"
0|7|14||5|40|75||||"41091165"|"70278422"
0|2|3||75|162|250||||"41091165"|"70278423"
0|14|27||2|4|5||||"41091166"|"70278424"
0|4|7||5|40|75||||"41091166"|"70278425"
28|35|42||75|162|250||||"41091166"|"70278426"
0|7|14||2|4|5||||"41091167"|"70278427"
0|5|9||5|40|75||||"41091167"|"70278428"
0|2|3||75|162|250||||"41091167"|"70278429"
20|37|54||2|4|5||||"41091168"|"70278430"
0|7|14||5|40|75||||"41091168"|"70278431"
0|2|3||75|162|250||||"41091168"|"70278432"
0|14|27||2|4|5||||"41091169"|"70278433"
0|4|7||5|40|75||||"41091169"|"70278434"
28|35|42||75|162|250||||"41091169"|"70278435"
0|7|14||2|4|5||||"41091170"|"70278436"
0|5|9||5|40|75||||"41091170"|"70278437"
0|2|3||75|162|250||||"41091170"|"70278438"
0|6|11||2|4|5||||"41091171"|"70278439"
3|6|9||5|40|75||||"41091171"|"70278440"
0|2|3||75|162|250||||"41091171"|"70278441"
0|5|9||2|4|5||||"41091172"|"70278442"
0|3|6||5|40|75||||"41091172"|"70278443"
0|2|3||75|162|250||||"41091172"|"70278444"
0|6|11||2|4|5||||"41091174"|"70278445"
29|35|40||5|40|75||||"41091174"|"70278446"
0|5|9||75|162|250||||"41091174"|"70278447"
0|6|11||2|4|5||||"41091175"|"70278448"
20|24|28||5|40|75||||"41091175"|"70278449"
0|3|6||75|162|250||||"41091175"|"70278450"
0|7|14||2|4|5||||"41091177"|"70278451"
0|7|14||5|40|75||||"41091177"|"70278452"
0|2|3||75|162|250||||"41091177"|"70278453"
0|7|14||2|4|5||||"41091179"|"70278454"
0|7|14||5|40|75||||"41091179"|"70278455"
0|3|6||75|162|250||||"41091179"|"70278456"
0|5|9||2|4|5||||"41091181"|"70278457"
0|3|6||5|40|75||||"41091181"|"70278458"
0|3|6||2|4|5||||"41091183"|"70278459"
0|3|6||5|40|75||||"41091183"|"70278460"
0|3|6||75|162|250||||"41091183"|"70278461"
0|3|6||2|4|5||||"41091184"|"70278462"
0|3|6||5|40|75||||"41091184"|"70278463"
0|3|6||75|162|250||||"41091184"|"70278464"
0|4|8||2|4|5||||"41091185"|"70278465"
2|5|8||5|40|75||||"41091185"|"70278466"
3|6|9||75|162|250||||"41091185"|"70278467"
0|2|3||2|4|5||||"41091203"|"70278468"
1|3|4||5|40|75||||"41091203"|"70278469"
20|22|23||75|162|250||||"41091203"|"70278470"
20|22|23||250|625|1000||||"41091203"|"70278471"
0|2|3||2|4|5||||"41091204"|"70278472"
1|3|5||5|40|75||||"41091204"|"70278473"
11|14|17||75|162|250||||"41091204"|"70278474"
11|14|17||250|625|1000||||"41091204"|"70278475"
0|2|3||2|4|5||||"41091205"|"70278476"
9|13|16||5|40|75||||"41091205"|"70278477"
20|22|23||75|162|250||||"41091205"|"70278478"
20|22|23||250|625|1000||||"41091205"|"70278479"
0|2|4||2|4|5||||"41091207"|"70278480"
6|10|13||5|40|75||||"41091207"|"70278481"
42|45|48||75|162|250||||"41091207"|"70278482"
0|2|3||2|4|5||||"41091209"|"70278483"
7|11|14||5|40|75||||"41091209"|"70278484"
42|45|48||75|162|250||||"41091209"|"70278485"
0|2|3||2|4|5||||"41091211"|"70278486"
7|11|14||5|40|75||||"41091211"|"70278487"
42|45|48||75|162|250||||"41091211"|"70278488"
0|2|3||2|4|5||||"41091213"|"70278489"
7|12|17||5|40|75||||"41091213"|"70278490"
40|44|48||75|162|250||||"41091213"|"70278491"
0|2|3||2|4|5||||"41091215"|"70278492"
7|12|17||5|40|75||||"41091215"|"70278493"
40|44|48||75|162|250||||"41091215"|"70278494"
0|2|3||2|4|5||||"41091217"|"70278495"
7|11|14||5|40|75||||"41091217"|"70278496"
42|45|48||75|162|250||||"41091217"|"70278497"
0|2|3||2|4|5||||"41091219"|"70278498"
7|11|14||5|40|75||||"41091219"|"70278499"
42|45|48||75|162|250||||"41091219"|"70278500"
0|3|6||2|4|5||||"41091220"|"70278501"
0|3|6||5|40|75||||"41091220"|"70278502"
0|2|3||75|162|250||||"41091220"|"70278503"
0|2|3||250|625|1000||||"41091220"|"70278504"
0|3|6||2|4|5||||"41091221"|"70278505"
0|3|6||5|40|75||||"41091221"|"70278506"
0|2|3||75|162|250||||"41091221"|"70278507"
0|2|3||250|625|1000||||"41091221"|"70278508"
0|8|15||2|4|5||||"41091226"|"70278509"
13|21|28||5|40|75||||"41091226"|"70278510"
6|10|14||75|162|250||||"41091226"|"70278511"
0|5|9||2|4|5||||"41091227"|"70278512"
0|5|9||5|40|75||||"41091227"|"70278513"
0|3|6||75|162|250||||"41091227"|"70278514"
0|3|6||2|4|5||||"41091228"|"70278515"
7|17|27||5|40|75||||"41091228"|"70278516"
28|38|48||75|162|250||||"41091228"|"70278517"
34|37|40||75|162|250||||"41091229"|"70278518"
0|2|3||75|162|250||||"41091230"|"70278519"
0|3|6||2|4|5||||"41091239"|"70278520"
8|14|20||5|40|75||||"41091239"|"70278521"
34|40|45||75|162|250||||"41091239"|"70278522"
0|7|14||2|4|5||||"41091243"|"70278523"
31|36|40||5|40|75||||"41091243"|"70278524"
0|5|9||2|4|5||||"41091244"|"70278525"
40|43|45||5|40|75||||"41091244"|"70278526"
0|3|6||2|4|5||||"41091250"|"70278527"
40|43|45||5|40|75||||"41091250"|"70278528"
0|3|6||2|4|5||||"41091251"|"70278529"
40|43|45||5|40|75||||"41091251"|"70278530"
0|2|3||2|4|5||||"41091255"|"70278531"
0|2|3||5|40|75||||"41091255"|"70278532"
0|2|3||75|162|250||||"41091255"|"70278533"
0|2|3||250|625|1000||||"41091255"|"70278534"
0|3|6||2|4|5||||"41091256"|"70278535"
0|2|3||5|40|75||||"41091256"|"70278536"
0|2|3||75|162|250||||"41091256"|"70278537"
0|2|3||250|625|1000||||"41091256"|"70278538"
0|3|6||2|4|5||||"41091264"|"70278539"
0|3|6||5|40|75||||"41091264"|"70278540"
0|2|3||75|162|250||||"41091264"|"70278541"
0|2|3||250|625|1000||||"41091264"|"70278542"
0|3|6||2|4|5||||"41091265"|"70278543"
0|3|6||5|40|75||||"41091265"|"70278544"
0|2|3||75|162|250||||"41091265"|"70278545"
0|2|3||250|625|1000||||"41091265"|"70278546"
0|3|5||2|4|5||||"41091269"|"70278547"
2|10|18||5|40|75||||"41091269"|"70278548"
34|40|45||75|162|250||||"41091269"|"70278549"
3|6|9||250|625|1000||||"41091269"|"70278550"
0|3|5||2|4|5||||"41091276"|"70278551"
7|11|14||5|40|75||||"41091276"|"70278552"
34|36|37||75|162|250||||"41091276"|"70278553"
3|5|6||250|625|1000||||"41091276"|"70278554"
0|3|6||2|4|5||||"41091281"|"70278555"
0|3|6||5|40|75||||"41091281"|"70278556"
0|2|3||75|162|250||||"41091281"|"70278557"
0|2|3||250|625|1000||||"41091281"|"70278558"
0|3|6||2|4|5||||"41091282"|"70278559"
0|3|6||5|40|75||||"41091282"|"70278560"
0|2|3||75|162|250||||"41091282"|"70278561"
0|2|3||250|625|1000||||"41091282"|"70278562"
0|2|3||75|162|250||||"41091284"|"70278563"
0|2|3||75|162|250||||"41091285"|"70278564"
0|3|6||2|4|5||||"41091291"|"70278565"
1|4|7||5|40|75||||"41091291"|"70278566"
28|35|42||75|162|250||||"41091291"|"70278567"
0|3|5||2|4|5||||"41091292"|"70278568"
2|5|8||5|40|75||||"41091292"|"70278569"
6|12|17||75|162|250||||"41091292"|"70278570"
0|3|6||2|4|5||||"41091294"|"70278571"
0|3|6||5|40|75||||"41091294"|"70278572"
0|2|3||75|162|250||||"41091294"|"70278573"
0|2|3||250|625|1000||||"41091294"|"70278574"
0|3|6||2|4|5||||"41091295"|"70278575"
0|3|6||5|40|75||||"41091295"|"70278576"
0|2|3||75|162|250||||"41091295"|"70278577"
0|2|3||250|625|1000||||"41091295"|"70278578"
0|2|3||2|4|5||||"41091299"|"70278579"
7|11|14||5|40|75||||"41091299"|"70278580"
42|45|48||75|162|250||||"41091299"|"70278581"
0|2|3||2|4|5||||"41091304"|"70278582"
2|8|14||5|40|75||||"41091304"|"70278583"
42|48|54||75|162|250||||"41091304"|"70278584"
0|2|3||2|4|5||||"41091305"|"70278585"
0|2|3||75|162|250||||"41091305"|"70278586"
0|2|3||2|4|5||||"41091307"|"70278587"
0|2|3||75|162|250||||"41091307"|"70278588"
3|5|6||75|162|250||||"41091308"|"70278589"
0|7|13||2|4|5||||"41091308"|"70278590"
5|11|16||5|40|75||||"41091308"|"70278591"
0|2|3||75|162|250||||"41091309"|"70278592"
0|2|3||2|4|5||||"41091311"|"70278593"
0|2|3||5|40|75||||"41091311"|"70278594"
0|2|3||75|162|250||||"41091311"|"70278595"
0|3|5||2|4|5||||"41091314"|"70278596"
1|3|5||5|40|75||||"41091314"|"70278597"
23|29|34||75|162|250||||"41091314"|"70278598"
0|3|5||2|4|5||||"41091315"|"70278599"
0|2|3||5|40|75||||"41091315"|"70278600"
6|10|14||75|162|250||||"41091315"|"70278601"
0|3|5||2|4|5||||"41091318"|"70278602"
0|2|3||5|40|75||||"41091318"|"70278603"
6|10|14||75|162|250||||"41091318"|"70278604"
0|2|3||2|4|5||||"41091322"|"70278605"
0|2|3||75|162|250||||"41091322"|"70278606"
0|2|3||2|4|5||||"41091323"|"70278607"
0|2|3||75|162|250||||"41091323"|"70278608"
0|3|6||2|4|5||||"41091334"|"70278609"
0|3|6||5|40|75||||"41091334"|"70278610"
0|2|3||75|162|250||||"41091334"|"70278611"
0|2|3||250|625|1000||||"41091334"|"70278612"
0|3|6||2|4|5||||"41091335"|"70278613"
0|3|6||5|40|75||||"41091335"|"70278614"
0|2|3||75|162|250||||"41091335"|"70278615"
0|2|3||250|625|1000||||"41091335"|"70278616"
0|2|4||2|4|5||||"41091342"|"70278617"
5|13|20||5|40|75||||"41091342"|"70278618"
34|40|45||75|162|250||||"41091342"|"70278619"
3|5|6||250|625|1000||||"41091342"|"70278620"
0|3|5||2|4|5||||"41091343"|"70278621"
0|2|3||5|40|75||||"41091343"|"70278622"
6|8|9||75|162|250||||"41091343"|"70278623"
0|2|3||250|625|1000||||"41091343"|"70278624"
0|2|3||2|4|5||||"41091345"|"70278625"
1|2|3||5|40|75||||"41091345"|"70278626"
11|14|17||75|162|250||||"41091345"|"70278627"
11|14|17||250|625|1000||||"41091345"|"70278628"
0|5|9||2|4|5||||"41091347"|"70278629"
46|50|54||5|40|75||||"41091347"|"70278630"
0|2|3||75|162|250||||"41091347"|"70278631"
0|2|4||2|4|5||||"41091351"|"70278632"
2|11|19||5|40|75||||"41091351"|"70278633"
28|34|40||75|162|250||||"41091351"|"70278634"
9|12|14||250|625|1000||||"41091351"|"70278635"
0|3|6||2|4|5||||"41091352"|"70278636"
43|46|48||5|40|75||||"41091352"|"70278637"
0|2|3||2|4|5||||"41091354"|"70278638"
5|11|17||5|40|75||||"41091354"|"70278639"
23|26|28||75|162|250||||"41091354"|"70278640"
17|20|23||250|625|1000||||"41091354"|"70278641"
0|2|4||2|4|5||||"41091357"|"70278642"
2|11|19||5|40|75||||"41091357"|"70278643"
28|34|40||75|162|250||||"41091357"|"70278644"
9|12|14||250|625|1000||||"41091357"|"70278645"
0|3|6||2|4|5||||"41091358"|"70278646"
48|50|51||5|40|75||||"41091358"|"70278647"
0|2|3||2|4|5||||"41091360"|"70278648"
5|11|17||5|40|75||||"41091360"|"70278649"
23|26|28||75|162|250||||"41091360"|"70278650"
17|20|23||250|625|1000||||"41091360"|"70278651"
0|10|20||2|4|5||||"41091368"|"70278652"
9|15|20||5|40|75||||"41091368"|"70278653"
0|2|3||2|4|5||||"41091373"|"70278654"
0|2|3||75|162|250||||"41091373"|"70278655"
0|2|3||250|625|1000||||"41091373"|"70278656"
0|2|3||2|4|5||||"41091374"|"70278657"
0|2|3||75|162|250||||"41091374"|"70278658"
0|2|3||250|625|1000||||"41091374"|"70278659"
0|2|3||2|4|5||||"41091375"|"70278660"
0|2|3||75|162|250||||"41091375"|"70278661"
0|2|3||250|625|1000||||"41091375"|"70278662"
0|2|3||2|4|5||||"41091376"|"70278663"
0|2|3||75|162|250||||"41091376"|"70278664"
0|2|3||250|625|1000||||"41091376"|"70278665"
9|20|31||2|4|5||||"41091380"|"70278666"
13|19|24||5|40|75||||"41091380"|"70278667"
9|12|14||75|162|250||||"41091380"|"70278668"
0|4|8||2|4|5||||"41091381"|"70278669"
0|3|5||5|40|75||||"41091381"|"70278670"
6|8|9||75|162|250||||"41091381"|"70278671"
0|3|5||2|4|5||||"41091382"|"70278672"
0|2|3||5|40|75||||"41091382"|"70278673"
23|29|34||75|162|250||||"41091382"|"70278674"
0|3|5||2|4|5||||"41091384"|"70278675"
7|11|14||5|40|75||||"41091384"|"70278676"
9|12|14||75|162|250||||"41091384"|"70278677"
14|17|20||250|625|1000||||"41091384"|"70278678"
0|4|8||2|4|5||||"41091385"|"70278679"
7|10|13||5|40|75||||"41091385"|"70278680"
3|5|6||75|162|250||||"41091385"|"70278681"
0|2|3||250|625|1000||||"41091385"|"70278682"
0|2|3||2|4|5||||"41091388"|"70278683"
54|56|57||5|40|75||||"41091388"|"70278684"
0|3|6||2|4|5||||"41091393"|"70278685"
0|2|3||5|40|75||||"41091393"|"70278686"
0|2|3||75|162|250||||"41091393"|"70278687"
0|7|14||2|4|5||||"41091394"|"70278688"
0|7|14||5|40|75||||"41091394"|"70278689"
0|2|3||75|162|250||||"41091394"|"70278690"
0|3|6||2|4|5||||"41091395"|"70278691"
0|2|3||5|40|75||||"41091395"|"70278692"
0|2|3||75|162|250||||"41091395"|"70278693"
0|3|6||2|4|5||||"41091398"|"70278694"
0|2|3||5|40|75||||"41091398"|"70278695"
0|2|3||75|162|250||||"41091398"|"70278696"
0|3|6||2|4|5||||"41091401"|"70278697"
0|2|3||5|40|75||||"41091401"|"70278698"
0|2|3||75|162|250||||"41091401"|"70278699"
0|3|6||2|4|5||||"41091402"|"70278700"
0|2|3||5|40|75||||"41091402"|"70278701"
0|2|3||75|162|250||||"41091402"|"70278702"
0|2|3||250|625|1000||||"41091402"|"70278703"
0|6|11||2|4|5||||"41091403"|"70278704"
2|7|11||5|40|75||||"41091403"|"70278705"
3|5|6||75|162|250||||"41091403"|"70278706"
0|3|6||250|625|1000||||"41091403"|"70278707"
0|3|6||2|4|5||||"41091405"|"70278708"
6|10|13||5|40|75||||"41091405"|"70278709"
14|17|20||75|162|250||||"41091405"|"70278710"
0|2|3||2|4|5||||"41091407"|"70278711"
5|11|17||5|40|75||||"41091407"|"70278712"
40|46|51||75|162|250||||"41091407"|"70278713"
0|7|14||2|4|5||||"41091408"|"70278714"
12|19|25||5|40|75||||"41091408"|"70278715"
6|8|9||75|162|250||||"41091408"|"70278716"
6|8|9||250|625|1000||||"41091408"|"70278717"
0|7|14||2|4|5||||"41091409"|"70278718"
12|20|27||5|40|75||||"41091409"|"70278719"
3|5|6||75|162|250||||"41091409"|"70278720"
6|9|11||250|625|1000||||"41091409"|"70278721"
